199
2.01
2.66
3.26
0.54
2.45
0.7
2.72
4.11
3.95
0.44
3.84
3.53
1.57
2.82
2.62
2.97
3.33
2.1
3.32
4.12
0.95
2.43
4.47
3.06
2.46
0.68
0.13
2.53
1.08
3.13
3.18
4.31
0.64
4.18
0.92
3.15
4.16
2.92
3.87
0.21
3.37
4.13
2.96
3.35
0.26
0.16
1.1
2
3.13
3.25
0.43
3.15
4.29
3.06
0.05
2.42
0.84
2.11
3.31
1.85
2.65
3.59
1.65
3.25
1.25
2.48
3.34
2.87
2.82
3.59
0.65
0.93
0.61
4.11
2.14
2.04
1.03
4.41
3.11
2.24
3.36
0.21
1.73
2.18
3.53
4.5
3.83
0.55
1.01
0.67
3.81
1.25
0.93
2.01
0.24
0.43
1.85
2.97
3.49
2.27
0.26
1.83
1.42
1.6
1.99
1.73
2.78
0.49
2.77
0.87
2
2.08
2.6
0.52
0.93
4.35
0.57
2.1
0.8
1.85
0.22
4.45
4.1
2.92
3.79
2.47
0.24
0.98
0.45
3.94
3.37
3.32
4.29
4.26
3.28
1.19
3.3
0.63
0.95
2.87
3.58
4.01
2.55
0.36
0.25
4.22
1.45
3.58
2.8
4.1
1.29
1.8
3.89
0.45
4.19
3.29
1.67
2.72
0.77
1.98
2.32
4.35
1.6
4.18
0.27
2.87
0.28
3.05
4.35
0.37
1.86
0.04
2.39
0.37
1.69
1.06
4.16
2.53
1.11
1.19
2.64
1.62
2.93
2.76
2.46
3
3.6
2.39
3.46
1.45
4.32
0.8
1
1.97
2.09
3.7
0.78
4.15
4.35
